{
 "cells": [
  {
   "cell_type": "markdown",
   "id": "e0653cb1",
   "metadata": {},
   "source": [
    "# Comparison between synthetic and real data\n",
    "The objective is to compare synthetic dataset with the real one to identify the differences in distributions and relations between the correspondent variables."
   ]
  },
  {
   "cell_type": "code",
   "execution_count": 1,
   "id": "fa974aa9",
   "metadata": {},
   "outputs": [],
   "source": [
    "import pandas as pd\n",
    "import numpy as np\n",
    "import joblib\n",
    "import matplotlib.pyplot as plt\n",
    "import seaborn as sns\n",
    "# import sweetviz as sv\n",
    "from scipy.stats import iqr"
   ]
  },
  {
   "cell_type": "code",
   "execution_count": 2,
   "id": "f2b5f6d3",
   "metadata": {},
   "outputs": [],
   "source": [
    "synth_data = joblib.load('../outputs/models/train_data.pkl')\n",
    "real_data = joblib.load('../outputs/models/test_data.pkl')"
   ]
  },
  {
   "cell_type": "code",
   "execution_count": 3,
   "id": "11de9c72",
   "metadata": {},
   "outputs": [
    {
     "data": {
      "text/plain": [
       "Index(['P_Z0_before', 'P_Z0_after', 'P_Z1_before', 'P_Z1_after', 'P_WH_before',\n",
       "       'P_WH_after', 'T_Z0_before', 'T_Z0_after', 'T_Z1_before', 'T_Z1_after',\n",
       "       'top_icv_status_before', 'top_icv_status_after',\n",
       "       'bottom_icv_status_before', 'bottom_icv_status_after',\n",
       "       'P_bottom_before', 'P_bottom_after', 'T_WH_before', 'T_WH_after',\n",
       "       'action_result', 'T_Z1_delta', 'T_Z0_delta', 'P_Z1_delta', 'P_Z0_delta',\n",
       "       'P_WH_delta', 'P_bottom_delta', 'T_WH_delta', 'command_type_0',\n",
       "       'command_type_1', 'command_type_2', 'command_type_3', 'command_type_4'],\n",
       "      dtype='object')"
      ]
     },
     "execution_count": 3,
     "metadata": {},
     "output_type": "execute_result"
    }
   ],
   "source": [
    "synth_data.columns"
   ]
  },
  {
   "cell_type": "code",
   "execution_count": 4,
   "id": "4c55d6c6",
   "metadata": {},
   "outputs": [],
   "source": [
    "synth_data.drop(columns={'P_WH_delta', 'P_Z0_delta', 'P_Z1_delta', 'P_bottom_delta', 'T_WH_delta',\n",
    "                        'T_Z0_delta', 'T_Z1_delta', 'bottom_icv_status_after', 'bottom_icv_status_before', 'command_type_0',\n",
    "                       'command_type_1', 'command_type_2', 'command_type_3', 'command_type_4',\n",
    "                       'top_icv_status_after', 'top_icv_status_before'}, inplace=True)\n",
    "\n",
    "real_data.drop(columns={'P_WH_delta', 'P_Z0_delta', 'P_Z1_delta', 'P_bottom_delta', 'T_WH_delta',\n",
    "                        'T_Z0_delta', 'T_Z1_delta', 'bottom_icv_status_after', 'bottom_icv_status_before', 'command_type_0',\n",
    "                       'command_type_1', 'command_type_2', 'command_type_3', 'command_type_4',\n",
    "                       'top_icv_status_after', 'top_icv_status_before'}, inplace=True)"
   ]
  },
  {
   "cell_type": "code",
   "execution_count": 5,
   "id": "d1a479a8",
   "metadata": {},
   "outputs": [],
   "source": [
    "real_data.columns = real_data.columns.sort_values(ascending=True)\n",
    "synth_data.columns = synth_data.columns.sort_values(ascending=True)"
   ]
  },
  {
   "cell_type": "code",
   "execution_count": 6,
   "id": "7b71b49b",
   "metadata": {},
   "outputs": [
    {
     "data": {
      "text/html": [
       "<div>\n",
       "<style scoped>\n",
       "    .dataframe tbody tr th:only-of-type {\n",
       "        vertical-align: middle;\n",
       "    }\n",
       "\n",
       "    .dataframe tbody tr th {\n",
       "        vertical-align: top;\n",
       "    }\n",
       "\n",
       "    .dataframe thead th {\n",
       "        text-align: right;\n",
       "    }\n",
       "</style>\n",
       "<table border=\"1\" class=\"dataframe\">\n",
       "  <thead>\n",
       "    <tr style=\"text-align: right;\">\n",
       "      <th></th>\n",
       "      <th>P_WH_after</th>\n",
       "      <th>P_WH_before</th>\n",
       "      <th>P_Z0_after</th>\n",
       "      <th>P_Z0_before</th>\n",
       "      <th>P_Z1_after</th>\n",
       "      <th>P_Z1_before</th>\n",
       "      <th>P_bottom_after</th>\n",
       "      <th>P_bottom_before</th>\n",
       "      <th>T_WH_after</th>\n",
       "      <th>T_WH_before</th>\n",
       "      <th>T_Z0_after</th>\n",
       "      <th>T_Z0_before</th>\n",
       "      <th>T_Z1_after</th>\n",
       "      <th>T_Z1_before</th>\n",
       "      <th>action_result</th>\n",
       "    </tr>\n",
       "  </thead>\n",
       "  <tbody>\n",
       "    <tr>\n",
       "      <th>P_WH_after</th>\n",
       "      <td>1.000000</td>\n",
       "      <td>0.806118</td>\n",
       "      <td>1.000000</td>\n",
       "      <td>0.806118</td>\n",
       "      <td>1.000000</td>\n",
       "      <td>0.806118</td>\n",
       "      <td>0.204532</td>\n",
       "      <td>0.322117</td>\n",
       "      <td>-0.820202</td>\n",
       "      <td>-0.560846</td>\n",
       "      <td>-0.927619</td>\n",
       "      <td>-0.626080</td>\n",
       "      <td>-0.420609</td>\n",
       "      <td>-0.260545</td>\n",
       "      <td>0.207434</td>\n",
       "    </tr>\n",
       "    <tr>\n",
       "      <th>P_WH_before</th>\n",
       "      <td>0.806118</td>\n",
       "      <td>1.000000</td>\n",
       "      <td>0.806118</td>\n",
       "      <td>1.000000</td>\n",
       "      <td>0.806118</td>\n",
       "      <td>1.000000</td>\n",
       "      <td>0.288120</td>\n",
       "      <td>0.208761</td>\n",
       "      <td>-0.636984</td>\n",
       "      <td>-0.613648</td>\n",
       "      <td>-0.763922</td>\n",
       "      <td>-0.673569</td>\n",
       "      <td>-0.304726</td>\n",
       "      <td>-0.418296</td>\n",
       "      <td>0.265633</td>\n",
       "    </tr>\n",
       "    <tr>\n",
       "      <th>P_Z0_after</th>\n",
       "      <td>1.000000</td>\n",
       "      <td>0.806118</td>\n",
       "      <td>1.000000</td>\n",
       "      <td>0.806118</td>\n",
       "      <td>1.000000</td>\n",
       "      <td>0.806118</td>\n",
       "      <td>0.204532</td>\n",
       "      <td>0.322117</td>\n",
       "      <td>-0.820202</td>\n",
       "      <td>-0.560846</td>\n",
       "      <td>-0.927619</td>\n",
       "      <td>-0.626080</td>\n",
       "      <td>-0.420609</td>\n",
       "      <td>-0.260545</td>\n",
       "      <td>0.207434</td>\n",
       "    </tr>\n",
       "    <tr>\n",
       "      <th>P_Z0_before</th>\n",
       "      <td>0.806118</td>\n",
       "      <td>1.000000</td>\n",
       "      <td>0.806118</td>\n",
       "      <td>1.000000</td>\n",
       "      <td>0.806118</td>\n",
       "      <td>1.000000</td>\n",
       "      <td>0.288120</td>\n",
       "      <td>0.208761</td>\n",
       "      <td>-0.636984</td>\n",
       "      <td>-0.613648</td>\n",
       "      <td>-0.763922</td>\n",
       "      <td>-0.673569</td>\n",
       "      <td>-0.304726</td>\n",
       "      <td>-0.418296</td>\n",
       "      <td>0.265633</td>\n",
       "    </tr>\n",
       "    <tr>\n",
       "      <th>P_Z1_after</th>\n",
       "      <td>1.000000</td>\n",
       "      <td>0.806118</td>\n",
       "      <td>1.000000</td>\n",
       "      <td>0.806118</td>\n",
       "      <td>1.000000</td>\n",
       "      <td>0.806118</td>\n",
       "      <td>0.204532</td>\n",
       "      <td>0.322117</td>\n",
       "      <td>-0.820202</td>\n",
       "      <td>-0.560846</td>\n",
       "      <td>-0.927619</td>\n",
       "      <td>-0.626080</td>\n",
       "      <td>-0.420609</td>\n",
       "      <td>-0.260545</td>\n",
       "      <td>0.207434</td>\n",
       "    </tr>\n",
       "    <tr>\n",
       "      <th>P_Z1_before</th>\n",
       "      <td>0.806118</td>\n",
       "      <td>1.000000</td>\n",
       "      <td>0.806118</td>\n",
       "      <td>1.000000</td>\n",
       "      <td>0.806118</td>\n",
       "      <td>1.000000</td>\n",
       "      <td>0.288120</td>\n",
       "      <td>0.208761</td>\n",
       "      <td>-0.636984</td>\n",
       "      <td>-0.613648</td>\n",
       "      <td>-0.763922</td>\n",
       "      <td>-0.673569</td>\n",
       "      <td>-0.304726</td>\n",
       "      <td>-0.418296</td>\n",
       "      <td>0.265633</td>\n",
       "    </tr>\n",
       "    <tr>\n",
       "      <th>P_bottom_after</th>\n",
       "      <td>0.204532</td>\n",
       "      <td>0.288120</td>\n",
       "      <td>0.204532</td>\n",
       "      <td>0.288120</td>\n",
       "      <td>0.204532</td>\n",
       "      <td>0.288120</td>\n",
       "      <td>1.000000</td>\n",
       "      <td>0.776935</td>\n",
       "      <td>-0.224960</td>\n",
       "      <td>-0.259657</td>\n",
       "      <td>-0.266794</td>\n",
       "      <td>-0.278790</td>\n",
       "      <td>0.246160</td>\n",
       "      <td>-0.010505</td>\n",
       "      <td>0.331242</td>\n",
       "    </tr>\n",
       "    <tr>\n",
       "      <th>P_bottom_before</th>\n",
       "      <td>0.322117</td>\n",
       "      <td>0.208761</td>\n",
       "      <td>0.322117</td>\n",
       "      <td>0.208761</td>\n",
       "      <td>0.322117</td>\n",
       "      <td>0.208761</td>\n",
       "      <td>0.776935</td>\n",
       "      <td>1.000000</td>\n",
       "      <td>-0.324127</td>\n",
       "      <td>-0.135333</td>\n",
       "      <td>-0.350733</td>\n",
       "      <td>-0.148211</td>\n",
       "      <td>0.036426</td>\n",
       "      <td>0.246210</td>\n",
       "      <td>0.291667</td>\n",
       "    </tr>\n",
       "    <tr>\n",
       "      <th>T_WH_after</th>\n",
       "      <td>-0.820202</td>\n",
       "      <td>-0.636984</td>\n",
       "      <td>-0.820202</td>\n",
       "      <td>-0.636984</td>\n",
       "      <td>-0.820202</td>\n",
       "      <td>-0.636984</td>\n",
       "      <td>-0.224960</td>\n",
       "      <td>-0.324127</td>\n",
       "      <td>1.000000</td>\n",
       "      <td>0.659841</td>\n",
       "      <td>0.943625</td>\n",
       "      <td>0.607387</td>\n",
       "      <td>0.484804</td>\n",
       "      <td>0.319414</td>\n",
       "      <td>-0.121191</td>\n",
       "    </tr>\n",
       "    <tr>\n",
       "      <th>T_WH_before</th>\n",
       "      <td>-0.560846</td>\n",
       "      <td>-0.613648</td>\n",
       "      <td>-0.560846</td>\n",
       "      <td>-0.613648</td>\n",
       "      <td>-0.560846</td>\n",
       "      <td>-0.613648</td>\n",
       "      <td>-0.259657</td>\n",
       "      <td>-0.135333</td>\n",
       "      <td>0.659841</td>\n",
       "      <td>1.000000</td>\n",
       "      <td>0.667608</td>\n",
       "      <td>0.970613</td>\n",
       "      <td>0.457526</td>\n",
       "      <td>0.378883</td>\n",
       "      <td>-0.169190</td>\n",
       "    </tr>\n",
       "    <tr>\n",
       "      <th>T_Z0_after</th>\n",
       "      <td>-0.927619</td>\n",
       "      <td>-0.763922</td>\n",
       "      <td>-0.927619</td>\n",
       "      <td>-0.763922</td>\n",
       "      <td>-0.927619</td>\n",
       "      <td>-0.763922</td>\n",
       "      <td>-0.266794</td>\n",
       "      <td>-0.350733</td>\n",
       "      <td>0.943625</td>\n",
       "      <td>0.667608</td>\n",
       "      <td>1.000000</td>\n",
       "      <td>0.691601</td>\n",
       "      <td>0.496794</td>\n",
       "      <td>0.354552</td>\n",
       "      <td>-0.141843</td>\n",
       "    </tr>\n",
       "    <tr>\n",
       "      <th>T_Z0_before</th>\n",
       "      <td>-0.626080</td>\n",
       "      <td>-0.673569</td>\n",
       "      <td>-0.626080</td>\n",
       "      <td>-0.673569</td>\n",
       "      <td>-0.626080</td>\n",
       "      <td>-0.673569</td>\n",
       "      <td>-0.278790</td>\n",
       "      <td>-0.148211</td>\n",
       "      <td>0.607387</td>\n",
       "      <td>0.970613</td>\n",
       "      <td>0.691601</td>\n",
       "      <td>1.000000</td>\n",
       "      <td>0.453411</td>\n",
       "      <td>0.392425</td>\n",
       "      <td>-0.169564</td>\n",
       "    </tr>\n",
       "    <tr>\n",
       "      <th>T_Z1_after</th>\n",
       "      <td>-0.420609</td>\n",
       "      <td>-0.304726</td>\n",
       "      <td>-0.420609</td>\n",
       "      <td>-0.304726</td>\n",
       "      <td>-0.420609</td>\n",
       "      <td>-0.304726</td>\n",
       "      <td>0.246160</td>\n",
       "      <td>0.036426</td>\n",
       "      <td>0.484804</td>\n",
       "      <td>0.457526</td>\n",
       "      <td>0.496794</td>\n",
       "      <td>0.453411</td>\n",
       "      <td>1.000000</td>\n",
       "      <td>0.611377</td>\n",
       "      <td>-0.041572</td>\n",
       "    </tr>\n",
       "    <tr>\n",
       "      <th>T_Z1_before</th>\n",
       "      <td>-0.260545</td>\n",
       "      <td>-0.418296</td>\n",
       "      <td>-0.260545</td>\n",
       "      <td>-0.418296</td>\n",
       "      <td>-0.260545</td>\n",
       "      <td>-0.418296</td>\n",
       "      <td>-0.010505</td>\n",
       "      <td>0.246210</td>\n",
       "      <td>0.319414</td>\n",
       "      <td>0.378883</td>\n",
       "      <td>0.354552</td>\n",
       "      <td>0.392425</td>\n",
       "      <td>0.611377</td>\n",
       "      <td>1.000000</td>\n",
       "      <td>-0.099064</td>\n",
       "    </tr>\n",
       "    <tr>\n",
       "      <th>action_result</th>\n",
       "      <td>0.207434</td>\n",
       "      <td>0.265633</td>\n",
       "      <td>0.207434</td>\n",
       "      <td>0.265633</td>\n",
       "      <td>0.207434</td>\n",
       "      <td>0.265633</td>\n",
       "      <td>0.331242</td>\n",
       "      <td>0.291667</td>\n",
       "      <td>-0.121191</td>\n",
       "      <td>-0.169190</td>\n",
       "      <td>-0.141843</td>\n",
       "      <td>-0.169564</td>\n",
       "      <td>-0.041572</td>\n",
       "      <td>-0.099064</td>\n",
       "      <td>1.000000</td>\n",
       "    </tr>\n",
       "  </tbody>\n",
       "</table>\n",
       "</div>"
      ],
      "text/plain": [
       "                 P_WH_after  P_WH_before  P_Z0_after  P_Z0_before  P_Z1_after  \\\n",
       "P_WH_after         1.000000     0.806118    1.000000     0.806118    1.000000   \n",
       "P_WH_before        0.806118     1.000000    0.806118     1.000000    0.806118   \n",
       "P_Z0_after         1.000000     0.806118    1.000000     0.806118    1.000000   \n",
       "P_Z0_before        0.806118     1.000000    0.806118     1.000000    0.806118   \n",
       "P_Z1_after         1.000000     0.806118    1.000000     0.806118    1.000000   \n",
       "P_Z1_before        0.806118     1.000000    0.806118     1.000000    0.806118   \n",
       "P_bottom_after     0.204532     0.288120    0.204532     0.288120    0.204532   \n",
       "P_bottom_before    0.322117     0.208761    0.322117     0.208761    0.322117   \n",
       "T_WH_after        -0.820202    -0.636984   -0.820202    -0.636984   -0.820202   \n",
       "T_WH_before       -0.560846    -0.613648   -0.560846    -0.613648   -0.560846   \n",
       "T_Z0_after        -0.927619    -0.763922   -0.927619    -0.763922   -0.927619   \n",
       "T_Z0_before       -0.626080    -0.673569   -0.626080    -0.673569   -0.626080   \n",
       "T_Z1_after        -0.420609    -0.304726   -0.420609    -0.304726   -0.420609   \n",
       "T_Z1_before       -0.260545    -0.418296   -0.260545    -0.418296   -0.260545   \n",
       "action_result      0.207434     0.265633    0.207434     0.265633    0.207434   \n",
       "\n",
       "                 P_Z1_before  P_bottom_after  P_bottom_before  T_WH_after  \\\n",
       "P_WH_after          0.806118        0.204532         0.322117   -0.820202   \n",
       "P_WH_before         1.000000        0.288120         0.208761   -0.636984   \n",
       "P_Z0_after          0.806118        0.204532         0.322117   -0.820202   \n",
       "P_Z0_before         1.000000        0.288120         0.208761   -0.636984   \n",
       "P_Z1_after          0.806118        0.204532         0.322117   -0.820202   \n",
       "P_Z1_before         1.000000        0.288120         0.208761   -0.636984   \n",
       "P_bottom_after      0.288120        1.000000         0.776935   -0.224960   \n",
       "P_bottom_before     0.208761        0.776935         1.000000   -0.324127   \n",
       "T_WH_after         -0.636984       -0.224960        -0.324127    1.000000   \n",
       "T_WH_before        -0.613648       -0.259657        -0.135333    0.659841   \n",
       "T_Z0_after         -0.763922       -0.266794        -0.350733    0.943625   \n",
       "T_Z0_before        -0.673569       -0.278790        -0.148211    0.607387   \n",
       "T_Z1_after         -0.304726        0.246160         0.036426    0.484804   \n",
       "T_Z1_before        -0.418296       -0.010505         0.246210    0.319414   \n",
       "action_result       0.265633        0.331242         0.291667   -0.121191   \n",
       "\n",
       "                 T_WH_before  T_Z0_after  T_Z0_before  T_Z1_after  \\\n",
       "P_WH_after         -0.560846   -0.927619    -0.626080   -0.420609   \n",
       "P_WH_before        -0.613648   -0.763922    -0.673569   -0.304726   \n",
       "P_Z0_after         -0.560846   -0.927619    -0.626080   -0.420609   \n",
       "P_Z0_before        -0.613648   -0.763922    -0.673569   -0.304726   \n",
       "P_Z1_after         -0.560846   -0.927619    -0.626080   -0.420609   \n",
       "P_Z1_before        -0.613648   -0.763922    -0.673569   -0.304726   \n",
       "P_bottom_after     -0.259657   -0.266794    -0.278790    0.246160   \n",
       "P_bottom_before    -0.135333   -0.350733    -0.148211    0.036426   \n",
       "T_WH_after          0.659841    0.943625     0.607387    0.484804   \n",
       "T_WH_before         1.000000    0.667608     0.970613    0.457526   \n",
       "T_Z0_after          0.667608    1.000000     0.691601    0.496794   \n",
       "T_Z0_before         0.970613    0.691601     1.000000    0.453411   \n",
       "T_Z1_after          0.457526    0.496794     0.453411    1.000000   \n",
       "T_Z1_before         0.378883    0.354552     0.392425    0.611377   \n",
       "action_result      -0.169190   -0.141843    -0.169564   -0.041572   \n",
       "\n",
       "                 T_Z1_before  action_result  \n",
       "P_WH_after         -0.260545       0.207434  \n",
       "P_WH_before        -0.418296       0.265633  \n",
       "P_Z0_after         -0.260545       0.207434  \n",
       "P_Z0_before        -0.418296       0.265633  \n",
       "P_Z1_after         -0.260545       0.207434  \n",
       "P_Z1_before        -0.418296       0.265633  \n",
       "P_bottom_after     -0.010505       0.331242  \n",
       "P_bottom_before     0.246210       0.291667  \n",
       "T_WH_after          0.319414      -0.121191  \n",
       "T_WH_before         0.378883      -0.169190  \n",
       "T_Z0_after          0.354552      -0.141843  \n",
       "T_Z0_before         0.392425      -0.169564  \n",
       "T_Z1_after          0.611377      -0.041572  \n",
       "T_Z1_before         1.000000      -0.099064  \n",
       "action_result      -0.099064       1.000000  "
      ]
     },
     "execution_count": 6,
     "metadata": {},
     "output_type": "execute_result"
    }
   ],
   "source": [
    "real_data.corr()"
   ]
  },
  {
   "cell_type": "code",
   "execution_count": 7,
   "id": "d9ec67f9",
   "metadata": {},
   "outputs": [
    {
     "data": {
      "text/html": [
       "<div>\n",
       "<style scoped>\n",
       "    .dataframe tbody tr th:only-of-type {\n",
       "        vertical-align: middle;\n",
       "    }\n",
       "\n",
       "    .dataframe tbody tr th {\n",
       "        vertical-align: top;\n",
       "    }\n",
       "\n",
       "    .dataframe thead th {\n",
       "        text-align: right;\n",
       "    }\n",
       "</style>\n",
       "<table border=\"1\" class=\"dataframe\">\n",
       "  <thead>\n",
       "    <tr style=\"text-align: right;\">\n",
       "      <th></th>\n",
       "      <th>P_WH_after</th>\n",
       "      <th>P_WH_before</th>\n",
       "      <th>P_Z0_after</th>\n",
       "      <th>P_Z0_before</th>\n",
       "      <th>P_Z1_after</th>\n",
       "      <th>P_Z1_before</th>\n",
       "      <th>P_bottom_after</th>\n",
       "      <th>P_bottom_before</th>\n",
       "      <th>T_WH_after</th>\n",
       "      <th>T_WH_before</th>\n",
       "      <th>T_Z0_after</th>\n",
       "      <th>T_Z0_before</th>\n",
       "      <th>T_Z1_after</th>\n",
       "      <th>T_Z1_before</th>\n",
       "      <th>action_result</th>\n",
       "    </tr>\n",
       "  </thead>\n",
       "  <tbody>\n",
       "    <tr>\n",
       "      <th>P_WH_after</th>\n",
       "      <td>1.000000</td>\n",
       "      <td>0.988574</td>\n",
       "      <td>0.988788</td>\n",
       "      <td>0.988312</td>\n",
       "      <td>-0.021970</td>\n",
       "      <td>-0.022057</td>\n",
       "      <td>0.057880</td>\n",
       "      <td>0.057037</td>\n",
       "      <td>-0.062609</td>\n",
       "      <td>-0.055758</td>\n",
       "      <td>0.846306</td>\n",
       "      <td>0.837574</td>\n",
       "      <td>0.823451</td>\n",
       "      <td>0.821921</td>\n",
       "      <td>0.017172</td>\n",
       "    </tr>\n",
       "    <tr>\n",
       "      <th>P_WH_before</th>\n",
       "      <td>0.988574</td>\n",
       "      <td>1.000000</td>\n",
       "      <td>0.988731</td>\n",
       "      <td>0.988329</td>\n",
       "      <td>-0.022510</td>\n",
       "      <td>-0.022625</td>\n",
       "      <td>0.056885</td>\n",
       "      <td>0.057682</td>\n",
       "      <td>-0.062607</td>\n",
       "      <td>-0.055517</td>\n",
       "      <td>0.838856</td>\n",
       "      <td>0.845063</td>\n",
       "      <td>0.821008</td>\n",
       "      <td>0.824091</td>\n",
       "      <td>0.016733</td>\n",
       "    </tr>\n",
       "    <tr>\n",
       "      <th>P_Z0_after</th>\n",
       "      <td>0.988788</td>\n",
       "      <td>0.988731</td>\n",
       "      <td>1.000000</td>\n",
       "      <td>0.988423</td>\n",
       "      <td>-0.022447</td>\n",
       "      <td>-0.022607</td>\n",
       "      <td>0.057639</td>\n",
       "      <td>0.055584</td>\n",
       "      <td>-0.063156</td>\n",
       "      <td>-0.055608</td>\n",
       "      <td>0.843015</td>\n",
       "      <td>0.838140</td>\n",
       "      <td>0.823045</td>\n",
       "      <td>0.821870</td>\n",
       "      <td>0.016765</td>\n",
       "    </tr>\n",
       "    <tr>\n",
       "      <th>P_Z0_before</th>\n",
       "      <td>0.988312</td>\n",
       "      <td>0.988329</td>\n",
       "      <td>0.988423</td>\n",
       "      <td>1.000000</td>\n",
       "      <td>-0.023242</td>\n",
       "      <td>-0.023324</td>\n",
       "      <td>0.055597</td>\n",
       "      <td>0.055408</td>\n",
       "      <td>-0.062435</td>\n",
       "      <td>-0.056872</td>\n",
       "      <td>0.840407</td>\n",
       "      <td>0.841120</td>\n",
       "      <td>0.820889</td>\n",
       "      <td>0.823961</td>\n",
       "      <td>0.019311</td>\n",
       "    </tr>\n",
       "    <tr>\n",
       "      <th>P_Z1_after</th>\n",
       "      <td>-0.021970</td>\n",
       "      <td>-0.022510</td>\n",
       "      <td>-0.022447</td>\n",
       "      <td>-0.023242</td>\n",
       "      <td>1.000000</td>\n",
       "      <td>0.996413</td>\n",
       "      <td>0.092735</td>\n",
       "      <td>0.096358</td>\n",
       "      <td>0.084109</td>\n",
       "      <td>0.092687</td>\n",
       "      <td>0.063814</td>\n",
       "      <td>0.066065</td>\n",
       "      <td>-0.381710</td>\n",
       "      <td>-0.375868</td>\n",
       "      <td>0.000663</td>\n",
       "    </tr>\n",
       "    <tr>\n",
       "      <th>P_Z1_before</th>\n",
       "      <td>-0.022057</td>\n",
       "      <td>-0.022625</td>\n",
       "      <td>-0.022607</td>\n",
       "      <td>-0.023324</td>\n",
       "      <td>0.996413</td>\n",
       "      <td>1.000000</td>\n",
       "      <td>0.093518</td>\n",
       "      <td>0.097531</td>\n",
       "      <td>0.085060</td>\n",
       "      <td>0.094257</td>\n",
       "      <td>0.064022</td>\n",
       "      <td>0.065625</td>\n",
       "      <td>-0.380151</td>\n",
       "      <td>-0.377059</td>\n",
       "      <td>-0.000304</td>\n",
       "    </tr>\n",
       "    <tr>\n",
       "      <th>P_bottom_after</th>\n",
       "      <td>0.057880</td>\n",
       "      <td>0.056885</td>\n",
       "      <td>0.057639</td>\n",
       "      <td>0.055597</td>\n",
       "      <td>0.092735</td>\n",
       "      <td>0.093518</td>\n",
       "      <td>1.000000</td>\n",
       "      <td>0.640352</td>\n",
       "      <td>0.517402</td>\n",
       "      <td>0.517677</td>\n",
       "      <td>0.057384</td>\n",
       "      <td>0.058739</td>\n",
       "      <td>0.228026</td>\n",
       "      <td>0.190674</td>\n",
       "      <td>-0.001571</td>\n",
       "    </tr>\n",
       "    <tr>\n",
       "      <th>P_bottom_before</th>\n",
       "      <td>0.057037</td>\n",
       "      <td>0.057682</td>\n",
       "      <td>0.055584</td>\n",
       "      <td>0.055408</td>\n",
       "      <td>0.096358</td>\n",
       "      <td>0.097531</td>\n",
       "      <td>0.640352</td>\n",
       "      <td>1.000000</td>\n",
       "      <td>0.518318</td>\n",
       "      <td>0.528321</td>\n",
       "      <td>0.057071</td>\n",
       "      <td>0.054297</td>\n",
       "      <td>0.188215</td>\n",
       "      <td>0.230811</td>\n",
       "      <td>-0.000190</td>\n",
       "    </tr>\n",
       "    <tr>\n",
       "      <th>T_WH_after</th>\n",
       "      <td>-0.062609</td>\n",
       "      <td>-0.062607</td>\n",
       "      <td>-0.063156</td>\n",
       "      <td>-0.062435</td>\n",
       "      <td>0.084109</td>\n",
       "      <td>0.085060</td>\n",
       "      <td>0.517402</td>\n",
       "      <td>0.518318</td>\n",
       "      <td>1.000000</td>\n",
       "      <td>0.599081</td>\n",
       "      <td>-0.048042</td>\n",
       "      <td>-0.041010</td>\n",
       "      <td>0.113333</td>\n",
       "      <td>0.080348</td>\n",
       "      <td>-0.012393</td>\n",
       "    </tr>\n",
       "    <tr>\n",
       "      <th>T_WH_before</th>\n",
       "      <td>-0.055758</td>\n",
       "      <td>-0.055517</td>\n",
       "      <td>-0.055608</td>\n",
       "      <td>-0.056872</td>\n",
       "      <td>0.092687</td>\n",
       "      <td>0.094257</td>\n",
       "      <td>0.517677</td>\n",
       "      <td>0.528321</td>\n",
       "      <td>0.599081</td>\n",
       "      <td>1.000000</td>\n",
       "      <td>-0.042143</td>\n",
       "      <td>-0.035155</td>\n",
       "      <td>0.078532</td>\n",
       "      <td>0.121759</td>\n",
       "      <td>-0.018866</td>\n",
       "    </tr>\n",
       "    <tr>\n",
       "      <th>T_Z0_after</th>\n",
       "      <td>0.846306</td>\n",
       "      <td>0.838856</td>\n",
       "      <td>0.843015</td>\n",
       "      <td>0.840407</td>\n",
       "      <td>0.063814</td>\n",
       "      <td>0.064022</td>\n",
       "      <td>0.057384</td>\n",
       "      <td>0.057071</td>\n",
       "      <td>-0.048042</td>\n",
       "      <td>-0.042143</td>\n",
       "      <td>1.000000</td>\n",
       "      <td>0.698728</td>\n",
       "      <td>0.736852</td>\n",
       "      <td>0.656299</td>\n",
       "      <td>0.006510</td>\n",
       "    </tr>\n",
       "    <tr>\n",
       "      <th>T_Z0_before</th>\n",
       "      <td>0.837574</td>\n",
       "      <td>0.845063</td>\n",
       "      <td>0.838140</td>\n",
       "      <td>0.841120</td>\n",
       "      <td>0.066065</td>\n",
       "      <td>0.065625</td>\n",
       "      <td>0.058739</td>\n",
       "      <td>0.054297</td>\n",
       "      <td>-0.041010</td>\n",
       "      <td>-0.035155</td>\n",
       "      <td>0.698728</td>\n",
       "      <td>1.000000</td>\n",
       "      <td>0.654065</td>\n",
       "      <td>0.736337</td>\n",
       "      <td>-0.068233</td>\n",
       "    </tr>\n",
       "    <tr>\n",
       "      <th>T_Z1_after</th>\n",
       "      <td>0.823451</td>\n",
       "      <td>0.821008</td>\n",
       "      <td>0.823045</td>\n",
       "      <td>0.820889</td>\n",
       "      <td>-0.381710</td>\n",
       "      <td>-0.380151</td>\n",
       "      <td>0.228026</td>\n",
       "      <td>0.188215</td>\n",
       "      <td>0.113333</td>\n",
       "      <td>0.078532</td>\n",
       "      <td>0.736852</td>\n",
       "      <td>0.654065</td>\n",
       "      <td>1.000000</td>\n",
       "      <td>0.945018</td>\n",
       "      <td>0.006525</td>\n",
       "    </tr>\n",
       "    <tr>\n",
       "      <th>T_Z1_before</th>\n",
       "      <td>0.821921</td>\n",
       "      <td>0.824091</td>\n",
       "      <td>0.821870</td>\n",
       "      <td>0.823961</td>\n",
       "      <td>-0.375868</td>\n",
       "      <td>-0.377059</td>\n",
       "      <td>0.190674</td>\n",
       "      <td>0.230811</td>\n",
       "      <td>0.080348</td>\n",
       "      <td>0.121759</td>\n",
       "      <td>0.656299</td>\n",
       "      <td>0.736337</td>\n",
       "      <td>0.945018</td>\n",
       "      <td>1.000000</td>\n",
       "      <td>-0.018566</td>\n",
       "    </tr>\n",
       "    <tr>\n",
       "      <th>action_result</th>\n",
       "      <td>0.017172</td>\n",
       "      <td>0.016733</td>\n",
       "      <td>0.016765</td>\n",
       "      <td>0.019311</td>\n",
       "      <td>0.000663</td>\n",
       "      <td>-0.000304</td>\n",
       "      <td>-0.001571</td>\n",
       "      <td>-0.000190</td>\n",
       "      <td>-0.012393</td>\n",
       "      <td>-0.018866</td>\n",
       "      <td>0.006510</td>\n",
       "      <td>-0.068233</td>\n",
       "      <td>0.006525</td>\n",
       "      <td>-0.018566</td>\n",
       "      <td>1.000000</td>\n",
       "    </tr>\n",
       "  </tbody>\n",
       "</table>\n",
       "</div>"
      ],
      "text/plain": [
       "                 P_WH_after  P_WH_before  P_Z0_after  P_Z0_before  P_Z1_after  \\\n",
       "P_WH_after         1.000000     0.988574    0.988788     0.988312   -0.021970   \n",
       "P_WH_before        0.988574     1.000000    0.988731     0.988329   -0.022510   \n",
       "P_Z0_after         0.988788     0.988731    1.000000     0.988423   -0.022447   \n",
       "P_Z0_before        0.988312     0.988329    0.988423     1.000000   -0.023242   \n",
       "P_Z1_after        -0.021970    -0.022510   -0.022447    -0.023242    1.000000   \n",
       "P_Z1_before       -0.022057    -0.022625   -0.022607    -0.023324    0.996413   \n",
       "P_bottom_after     0.057880     0.056885    0.057639     0.055597    0.092735   \n",
       "P_bottom_before    0.057037     0.057682    0.055584     0.055408    0.096358   \n",
       "T_WH_after        -0.062609    -0.062607   -0.063156    -0.062435    0.084109   \n",
       "T_WH_before       -0.055758    -0.055517   -0.055608    -0.056872    0.092687   \n",
       "T_Z0_after         0.846306     0.838856    0.843015     0.840407    0.063814   \n",
       "T_Z0_before        0.837574     0.845063    0.838140     0.841120    0.066065   \n",
       "T_Z1_after         0.823451     0.821008    0.823045     0.820889   -0.381710   \n",
       "T_Z1_before        0.821921     0.824091    0.821870     0.823961   -0.375868   \n",
       "action_result      0.017172     0.016733    0.016765     0.019311    0.000663   \n",
       "\n",
       "                 P_Z1_before  P_bottom_after  P_bottom_before  T_WH_after  \\\n",
       "P_WH_after         -0.022057        0.057880         0.057037   -0.062609   \n",
       "P_WH_before        -0.022625        0.056885         0.057682   -0.062607   \n",
       "P_Z0_after         -0.022607        0.057639         0.055584   -0.063156   \n",
       "P_Z0_before        -0.023324        0.055597         0.055408   -0.062435   \n",
       "P_Z1_after          0.996413        0.092735         0.096358    0.084109   \n",
       "P_Z1_before         1.000000        0.093518         0.097531    0.085060   \n",
       "P_bottom_after      0.093518        1.000000         0.640352    0.517402   \n",
       "P_bottom_before     0.097531        0.640352         1.000000    0.518318   \n",
       "T_WH_after          0.085060        0.517402         0.518318    1.000000   \n",
       "T_WH_before         0.094257        0.517677         0.528321    0.599081   \n",
       "T_Z0_after          0.064022        0.057384         0.057071   -0.048042   \n",
       "T_Z0_before         0.065625        0.058739         0.054297   -0.041010   \n",
       "T_Z1_after         -0.380151        0.228026         0.188215    0.113333   \n",
       "T_Z1_before        -0.377059        0.190674         0.230811    0.080348   \n",
       "action_result      -0.000304       -0.001571        -0.000190   -0.012393   \n",
       "\n",
       "                 T_WH_before  T_Z0_after  T_Z0_before  T_Z1_after  \\\n",
       "P_WH_after         -0.055758    0.846306     0.837574    0.823451   \n",
       "P_WH_before        -0.055517    0.838856     0.845063    0.821008   \n",
       "P_Z0_after         -0.055608    0.843015     0.838140    0.823045   \n",
       "P_Z0_before        -0.056872    0.840407     0.841120    0.820889   \n",
       "P_Z1_after          0.092687    0.063814     0.066065   -0.381710   \n",
       "P_Z1_before         0.094257    0.064022     0.065625   -0.380151   \n",
       "P_bottom_after      0.517677    0.057384     0.058739    0.228026   \n",
       "P_bottom_before     0.528321    0.057071     0.054297    0.188215   \n",
       "T_WH_after          0.599081   -0.048042    -0.041010    0.113333   \n",
       "T_WH_before         1.000000   -0.042143    -0.035155    0.078532   \n",
       "T_Z0_after         -0.042143    1.000000     0.698728    0.736852   \n",
       "T_Z0_before        -0.035155    0.698728     1.000000    0.654065   \n",
       "T_Z1_after          0.078532    0.736852     0.654065    1.000000   \n",
       "T_Z1_before         0.121759    0.656299     0.736337    0.945018   \n",
       "action_result      -0.018866    0.006510    -0.068233    0.006525   \n",
       "\n",
       "                 T_Z1_before  action_result  \n",
       "P_WH_after          0.821921       0.017172  \n",
       "P_WH_before         0.824091       0.016733  \n",
       "P_Z0_after          0.821870       0.016765  \n",
       "P_Z0_before         0.823961       0.019311  \n",
       "P_Z1_after         -0.375868       0.000663  \n",
       "P_Z1_before        -0.377059      -0.000304  \n",
       "P_bottom_after      0.190674      -0.001571  \n",
       "P_bottom_before     0.230811      -0.000190  \n",
       "T_WH_after          0.080348      -0.012393  \n",
       "T_WH_before         0.121759      -0.018866  \n",
       "T_Z0_after          0.656299       0.006510  \n",
       "T_Z0_before         0.736337      -0.068233  \n",
       "T_Z1_after          0.945018       0.006525  \n",
       "T_Z1_before         1.000000      -0.018566  \n",
       "action_result      -0.018566       1.000000  "
      ]
     },
     "execution_count": 7,
     "metadata": {},
     "output_type": "execute_result"
    }
   ],
   "source": [
    "synth_data.corr()"
   ]
  },
  {
   "cell_type": "code",
   "execution_count": 8,
   "id": "297ad6da",
   "metadata": {},
   "outputs": [],
   "source": [
    "pcd = abs(real_data.corr() - synth_data.corr())"
   ]
  },
  {
   "cell_type": "code",
   "execution_count": 9,
   "id": "87fd7c0c",
   "metadata": {},
   "outputs": [
    {
     "data": {
      "text/html": [
       "<div>\n",
       "<style scoped>\n",
       "    .dataframe tbody tr th:only-of-type {\n",
       "        vertical-align: middle;\n",
       "    }\n",
       "\n",
       "    .dataframe tbody tr th {\n",
       "        vertical-align: top;\n",
       "    }\n",
       "\n",
       "    .dataframe thead th {\n",
       "        text-align: right;\n",
       "    }\n",
       "</style>\n",
       "<table border=\"1\" class=\"dataframe\">\n",
       "  <thead>\n",
       "    <tr style=\"text-align: right;\">\n",
       "      <th></th>\n",
       "      <th>P_WH_after</th>\n",
       "      <th>P_WH_before</th>\n",
       "      <th>P_Z0_after</th>\n",
       "      <th>P_Z0_before</th>\n",
       "      <th>P_Z1_after</th>\n",
       "      <th>P_Z1_before</th>\n",
       "      <th>P_bottom_after</th>\n",
       "      <th>P_bottom_before</th>\n",
       "      <th>T_WH_after</th>\n",
       "      <th>T_WH_before</th>\n",
       "      <th>T_Z0_after</th>\n",
       "      <th>T_Z0_before</th>\n",
       "      <th>T_Z1_after</th>\n",
       "      <th>T_Z1_before</th>\n",
       "      <th>action_result</th>\n",
       "    </tr>\n",
       "  </thead>\n",
       "  <tbody>\n",
       "    <tr>\n",
       "      <th>P_WH_after</th>\n",
       "      <td>0.000000</td>\n",
       "      <td>0.182455</td>\n",
       "      <td>0.011212</td>\n",
       "      <td>0.182194</td>\n",
       "      <td>1.021970</td>\n",
       "      <td>0.828175</td>\n",
       "      <td>0.146651</td>\n",
       "      <td>0.265080</td>\n",
       "      <td>0.757593</td>\n",
       "      <td>0.505087</td>\n",
       "      <td>1.773925</td>\n",
       "      <td>1.463654</td>\n",
       "      <td>1.244059</td>\n",
       "      <td>1.082466</td>\n",
       "      <td>0.190263</td>\n",
       "    </tr>\n",
       "    <tr>\n",
       "      <th>P_WH_before</th>\n",
       "      <td>0.182455</td>\n",
       "      <td>0.000000</td>\n",
       "      <td>0.182613</td>\n",
       "      <td>0.011671</td>\n",
       "      <td>0.828628</td>\n",
       "      <td>1.022625</td>\n",
       "      <td>0.231235</td>\n",
       "      <td>0.151079</td>\n",
       "      <td>0.574377</td>\n",
       "      <td>0.558131</td>\n",
       "      <td>1.602778</td>\n",
       "      <td>1.518632</td>\n",
       "      <td>1.125734</td>\n",
       "      <td>1.242387</td>\n",
       "      <td>0.248899</td>\n",
       "    </tr>\n",
       "    <tr>\n",
       "      <th>P_Z0_after</th>\n",
       "      <td>0.011212</td>\n",
       "      <td>0.182613</td>\n",
       "      <td>0.000000</td>\n",
       "      <td>0.182305</td>\n",
       "      <td>1.022447</td>\n",
       "      <td>0.828725</td>\n",
       "      <td>0.146893</td>\n",
       "      <td>0.266533</td>\n",
       "      <td>0.757046</td>\n",
       "      <td>0.505238</td>\n",
       "      <td>1.770634</td>\n",
       "      <td>1.464220</td>\n",
       "      <td>1.243654</td>\n",
       "      <td>1.082415</td>\n",
       "      <td>0.190669</td>\n",
       "    </tr>\n",
       "    <tr>\n",
       "      <th>P_Z0_before</th>\n",
       "      <td>0.182194</td>\n",
       "      <td>0.011671</td>\n",
       "      <td>0.182305</td>\n",
       "      <td>0.000000</td>\n",
       "      <td>0.829361</td>\n",
       "      <td>1.023324</td>\n",
       "      <td>0.232523</td>\n",
       "      <td>0.153353</td>\n",
       "      <td>0.574549</td>\n",
       "      <td>0.556776</td>\n",
       "      <td>1.604330</td>\n",
       "      <td>1.514690</td>\n",
       "      <td>1.125615</td>\n",
       "      <td>1.242257</td>\n",
       "      <td>0.246321</td>\n",
       "    </tr>\n",
       "    <tr>\n",
       "      <th>P_Z1_after</th>\n",
       "      <td>1.021970</td>\n",
       "      <td>0.828628</td>\n",
       "      <td>1.022447</td>\n",
       "      <td>0.829361</td>\n",
       "      <td>0.000000</td>\n",
